r1: 1.49154e+09m
r2: 1.50152e+09m
r3: 262093m
