r1: 1.49155e+09m
r2: 1.50153e+09m
r3: 261516m
